                     CLIMATOLOGICAL SUMMARY for year 2019


NAME: Rowlett, TX                  
ELEV: 458 feet    LAT: 32-56.13 N    LONG: 096-33.10 W


                                       TEMPERATURE (F)

                              HEAT    COOL                              MAX    MAX    MIN    MIN
          MEAN   MEAN         DEG     DEG                                >=     <=     <=     <=
 YR  MO   MAX    MIN    MEAN  DAYS    DAYS      HI  DAY     LOW  DAY     90     32     32      0
------------------------------------------------------------------------------------------------
2019 01   54.3   33.9   43.6  299.6    0.0    69.3   05    24.4   29      0      0      4      0
2019 02   59.5   36.5   49.8  441.7   16.4    82.0   04   -39.8   04      0      0      6      2
2019 03   66.7   42.7   54.9  329.8   17.5    83.8   24    19.6   05      0      0      6      0
2019 04   78.1   54.1   66.1   66.0   98.3    91.2   10    35.8   01      1      0      0      0
2019 05   84.5   64.5   73.9   15.5  291.7    90.9   25    50.9   10      7      0      0      0
2019 06   91.5   69.5   79.7    0.0  440.2    99.0   29    60.6   12     25      0      0      0
2019 07   95.8   74.5   84.5    0.0  605.7   103.3   30    62.4   25     30      0      0      0
2019 08   98.2   76.8   86.8    0.0  676.1   103.5   13    70.0   31     28      0      0      0
2019 09   95.7   73.6   84.0    0.0  569.0   100.6   06    70.3   01     29      0      0      0
2019 10   77.9   53.6   65.1  153.1  157.8    97.2   06    29.8   31      7      0      1      0
2019 11   66.8   40.0   52.7  377.6    9.4    82.9   19    19.6   13      0      0      7      0
2019 12   63.1   38.9   49.7  444.0    0.9    76.3   15    26.1   18      0      0      6      0
------------------------------------------------------------------------------------------------
          78.9   56.0   67.6 2127.2 2883.1   103.5  Aug   -39.8  Feb    127      0     30      2


                  PRECIPITATION (in)

                  MAX         ---DAYS OF RAIN---
                  OBS.               OVER
 YR  MO  TOTAL    DAY  DATE   0.01   0.10   1.00
------------------------------------------------
2019 01   1.37   0.62    30      3      3      0
2019 02 169.01  71.46    05     16     13      5
2019 03   7.95   5.21    15     10      5      2
2019 04  97.58  65.03    08     13     11      8
2019 05  94.28  46.11    09     16     13      7
2019 06  22.21  12.26    12     12      9      4
2019 07  33.23  23.63    03      7      5      2
2019 08  30.93  11.34    14     11      7      4
2019 09 125.58  36.73    13     10      8      5
2019 10  72.30  31.91    04     16     14      4
2019 11 120.21  41.44    30     13     12      5
2019 12  44.24  25.38    24     10      7      3
------------------------------------------------
        818.89  71.46   Feb    137    107     49


           WIND SPEED (mph)

                                DOM
 YR  MO    AVG     HI   DATE    DIR
-----------------------------------
2019 01    3.7   22.2     28    149 
2019 02    5.5   32.0     23    321 
2019 03    5.7   27.9     12    267 
2019 04    6.1   27.9     10    326 
2019 05    5.6   34.6     18    158 
2019 06    4.8   24.8     19    153 
2019 07    5.0   19.1     10    144 
2019 08    4.4   27.4     30    142 
2019 09    4.6   22.7     18    131 
2019 10    5.0   35.1     21    153 
2019 11    4.5   27.9     11    127 
2019 12    4.5   27.4     08    181 
-----------------------------------
           5.0   35.1    Oct    147

