                     CLIMATOLOGICAL SUMMARY for year 2020


NAME: Rowlett, TX                  
ELEV: 458 feet    LAT: 32-56.13 N    LONG: 096-33.10 W


                                       TEMPERATURE (F)

                              HEAT    COOL                              MAX    MAX    MIN    MIN
          MEAN   MEAN         DEG     DEG                                >=     <=     <=     <=
 YR  MO   MAX    MIN    MEAN  DAYS    DAYS      HI  DAY     LOW  DAY     90     32     32      0
------------------------------------------------------------------------------------------------
2020 01   60.4   41.7   48.9  441.5   10.6    79.0   15    29.3   11      0      0      3      0
2020 02   60.8   39.2   49.7  446.1    1.4    81.7   02    26.1   14      0      0      6      0
2020 03   72.6   54.1   62.8  138.7   70.3    87.8   25    39.7   07      0      0      0      0
2020 04   76.3   51.6   64.5  116.0  100.2    95.9   08    16.7   29      2      0      1      0
2020 05   84.8   62.8   73.7    1.5  270.6    93.0   19    48.7   09      6      0      0      0
2020 06   94.4   70.9   82.6    0.0  528.7   101.5   08    56.1   11     28      0      0      0
2020 07   96.9   76.5   85.5    0.0  638.1   103.8   12    71.2   31     30      0      0      0
2020 08   98.9   73.8   85.8    0.0  646.0   107.4   16    64.2   19     31      0      0      0
2020 09   87.7   65.3   74.9    0.7  296.7   107.8   13    48.2   30     15      0      0      0
2020 10   78.8   53.1   64.9  137.7  135.7    97.9   11    33.6   29      6      0      0      0
2020 11   74.2   45.6   59.7  182.5   22.3    83.7   14     5.6   22      0      0      2      0
2020 12   62.9   35.7   48.6  508.6    0.0    81.0   09    24.3   17      0      0     10      0
------------------------------------------------------------------------------------------------
          79.1   55.9   67.3 1973.4 2720.6   107.8  Sep     5.6  Nov    118      0     22      0


                  PRECIPITATION (in)

                  MAX         ---DAYS OF RAIN---
                  OBS.               OVER
 YR  MO  TOTAL    DAY  DATE   0.01   0.10   1.00
------------------------------------------------
2020 01  61.69  26.48    22     11      8      5
2020 02  75.97  58.96    19     12      7      3
2020 03  66.60  51.28    08     17     14      5
2020 04  69.93  67.94    30     11      7      1
2020 05  26.35  20.70    07     10      8      3
2020 06  46.43  20.39    10     12      9      4
2020 07 117.76  88.26    25      7      6      4
2020 08  28.72  26.53    09      5      3      2
2020 09 165.15  69.58    07     15     13      6
2020 10   2.10   1.01    23      7      4      1
2020 11  64.68  63.60    04      6      4      1
2020 12  92.04  61.69    05     10      8      3
------------------------------------------------
        817.42  88.26   Jul    123     91     38


           WIND SPEED (mph)

                                DOM
 YR  MO    AVG     HI   DATE    DIR
-----------------------------------
2020 01    5.1   27.4     11    139 
2020 02    6.2   25.8     03    215 
2020 03    5.9   30.5     28    102 
2020 04    5.3   25.8     28     99 
2020 05    5.5   30.5     15     95 
2020 06    5.2   33.5     28    114 
2020 07    5.0   27.9     12    141 
2020 08    4.3   28.4     16    129 
2020 09    4.0   25.8     27     56 
2020 10    4.2   24.3     23     98 
2020 11    3.9   25.8     14    120 
2020 12    2.8   29.4     23    209 
-----------------------------------
           4.8   33.5    Jun    120

