                     CLIMATOLOGICAL SUMMARY for year 2021


NAME: Rowlett, TX                  
ELEV: 458 feet    LAT: 32-56.13 N    LONG: 096-33.10 W


                                       TEMPERATURE (F)

                              HEAT    COOL                              MAX    MAX    MIN    MIN
          MEAN   MEAN         DEG     DEG                                >=     <=     <=     <=
 YR  MO   MAX    MIN    MEAN  DAYS    DAYS      HI  DAY     LOW  DAY     90     32     32      0
------------------------------------------------------------------------------------------------
2021 01   58.3   36.5   47.2  553.1    0.0    78.1   30     6.2   14      0      0      7      0
2021 02   54.0   28.2   41.4  669.1    0.0    79.2   23   -32.1   11      0      4     13      3
2021 03   76.0   47.3   60.3  174.7   30.5   108.8   05     6.4   01      2      0      1      0
2021 04   75.6   50.6   63.9   97.9   63.5    87.8   12   -14.4   16      0      0      1      1
2021 05   82.0   62.6   70.9   21.3  203.0    92.8   26    45.7   05      2      0      0      0
2021 06   94.6   71.4   81.9    0.0  508.3   106.0   13    57.9   02     23      0      0      0
2021 07   96.5   73.9   84.2    0.0  594.1   103.5   27    68.4   14     29      0      0      0
2021 08   95.1   74.8   84.1    0.0  585.6   101.8   31    70.7   03     28      0      0      0
2021 09   94.1   70.0   81.6    0.0  244.0    99.9   01    61.9   09     13      0      0      0
2021 10
2021 11
2021 12
------------------------------------------------------------------------------------------------
          80.1   56.8   67.8 1516.1 2229.0   108.8  Mar   -32.1  Feb     97      4     22      4


                  PRECIPITATION (in)

                  MAX         ---DAYS OF RAIN---
                  OBS.               OVER
 YR  MO  TOTAL    DAY  DATE   0.01   0.10   1.00
------------------------------------------------
2021 01  77.64  56.52    04     15      8      3
2021 02 212.55  61.30    05     18     17      8
2021 03 232.45  56.59    31     12     11      9
2021 04  71.17  67.49    22     10      8      2
2021 05  75.19  45.70    05     19     14      4
2021 06   8.29   4.51    05     10      8      2
2021 07 176.62  65.11    27     11      7      4
2021 08 140.48  55.18    03      8      7      5
2021 09   1.66   0.68    07      5      5      0
2021 10
2021 11
2021 12
------------------------------------------------
        996.05  67.49   Apr    108     85     37


           WIND SPEED (mph)

                                DOM
 YR  MO    AVG     HI   DATE    DIR
-----------------------------------
2021 01    2.1   28.9     15    239 
2021 02    0.7   22.2     04    151 
2021 03    0.9   22.7     17    154 
2021 04    0.7   21.2     09     65 
2021 05    0.4   23.3     08     82 
2021 06    0.2   18.1     12     58 
2021 07    0.2   21.7     11     52 
2021 08    0.2   17.6     08     79 
2021 09    0.0    6.8     08     84 
2021 10
2021 11
2021 12
-----------------------------------
           0.6   28.9    Jan    127

