                     CLIMATOLOGICAL SUMMARY for year 2022


NAME: Rowlett, TX                  
ELEV: 458 feet    LAT: 32-56.13 N    LONG: 096-33.10 W


                                       TEMPERATURE (F)

                              HEAT    COOL                              MAX    MAX    MIN    MIN
          MEAN   MEAN         DEG     DEG                                >=     <=     <=     <=
 YR  MO   MAX    MIN    MEAN  DAYS    DAYS      HI  DAY     LOW  DAY     90     32     32      0
------------------------------------------------------------------------------------------------
2022 01   60.4   29.6   44.6  632.0    0.0    77.2   13    12.2   20      0      0     19      0
2022 02   60.3   30.9   44.9  564.6    1.8    80.6   21    17.1   05      0      2     18      0
2022 03   72.5   42.5   57.2  270.3   27.1    91.0   27    24.4   12      1      0      5      0
2022 04   75.6   49.3   64.7   41.4   19.9    94.8   05    37.6   09      1      0      0      0
2022 05
2022 06
2022 07
2022 08
2022 09
2022 10
2022 11
2022 12
------------------------------------------------------------------------------------------------
          65.5   35.8   50.3 1508.3   48.8    94.8  Apr    12.2  Jan      2      2     42      0


                  PRECIPITATION (in)

                  MAX         ---DAYS OF RAIN---
                  OBS.               OVER
 YR  MO  TOTAL    DAY  DATE   0.01   0.10   1.00
------------------------------------------------
2022 01 224.48  49.67    27     13      8      6
2022 02 217.36  74.70    25     13     10      4
2022 03 154.14  55.21    30     13     10      6
2022 04  37.90  35.68    08      4      3      2
2022 05
2022 06
2022 07
2022 08
2022 09
2022 10
2022 11
2022 12
------------------------------------------------
        633.88  74.70   Feb     43     31     18


           WIND SPEED (mph)

                                DOM
 YR  MO    AVG     HI   DATE    DIR
-----------------------------------
2022 01    0.2   23.3     15    226 
2022 02    0.5   20.7     17    220 
2022 03    0.8   24.3     29    208 
2022 04    1.3   28.4     07    293 
2022 05
2022 06
2022 07
2022 08
2022 09
2022 10
2022 11
2022 12
-----------------------------------
           0.6   28.4    Apr    232

